Serpentine Scan Parameters
X Total Distance (mm),16
Y Total Distance (mm),16
Step Size (mm),0.5
Start from Center,True

Step Number,X Position (mm),Y Position (mm)
1,315.65534591674805,425.46607971191406
2,316.16973876953125,425.46581268310547
3,316.6636657714844,425.46512603759766
4,317.1754264831543,425.4646301269531
5,317.66578674316406,425.46470642089844
6,318.1500053405762,425.4640197753906
7,318.66748809814453,425.46398162841797
8,319.15916442871094,425.46302795410156
9,319.66941833496094,425.4623794555664
10,320.1679229736328,425.4612731933594
11,320.6585693359375,425.45955657958984
12,321.17698669433594,425.45711517333984
13,321.67083740234375,425.2222442626953
14,322.17445373535156,425.18978118896484
15,322.6714324951172,425.2272415161133
16,323.154296875,425.2284240722656
17,323.6753463745117,425.2399444580078
18,324.1626739501953,425.2646255493164
19,324.66907501220703,425.2686309814453
20,325.16902923583984,425.88497161865234
21,325.6602096557617,425.79761505126953
22,326.1769485473633,425.4676055908203
23,326.6694641113281,425.46825408935547
24,327.1767044067383,425.467529296875
25,327.6722717285156,425.46749114990234
26,328.1542205810547,425.46669006347656
27,328.67565155029297,425.46642303466797
28,329.1623306274414,425.4661560058594
29,329.67063903808594,425.4652786254883
30,330.1675033569336,425.46424865722656
31,330.6593704223633,425.4631805419922
32,331.1769485473633,425.4618453979492
33,331.1772155761719,425.96729278564453
34,330.71048736572266,425.9608459472656
35,330.1514434814453,425.9593200683594
36,329.65301513671875,425.95848083496094
37,329.1556167602539,425.9566116333008
38,328.65283966064453,425.95458984375
39,328.19629669189453,425.95394134521484
40,327.67364501953125,425.95176696777344
41,327.16373443603516,425.9506607055664
42,326.66038513183594,425.948486328125
43,326.1670684814453,425.94730377197266
44,325.64910888671875,425.9456253051758
45,325.17852783203125,425.9444046020508
46,324.6563720703125,425.9420394897461
47,324.1839599609375,425.93753814697266
48,323.67225646972656,425.93299865722656
49,323.20030212402344,425.93013763427734
50,322.6557922363281,425.93021392822266
51,322.16243743896484,425.9286880493164
52,321.6575241088867,425.92674255371094
53,321.15955352783203,425.92628479003906
54,320.65025329589844,425.92674255371094
55,320.1594543457031,425.9262466430664
56,319.6518898010254,425.92647552490234
57,319.1700553894043,425.9263610839844
58,318.6701774597168,425.9261703491211
59,318.16930770874023,425.9259033203125
60,317.65668869018555,425.92647552490234
61,317.1634292602539,425.92662811279297
62,316.6560363769531,425.9262466430664
63,316.1598205566406,425.9263229370117
64,315.6530952453613,425.9267044067383
65,315.16815185546875,425.92620849609375
66,315.15851974487305,426.474609375
67,315.6535339355469,426.46202087402344
68,316.12640380859375,426.45851135253906
69,316.6510772705078,426.4570999145508
70,317.1764373779297,426.45565032958984
71,317.66124725341797,426.4546585083008
72,318.1503486633301,426.4534378051758
73,318.6613082885742,426.4524459838867
74,319.1598701477051,426.4507293701172
75,319.6682548522949,426.4496612548828
76,320.16605377197266,426.4468002319336
77,320.65765380859375,426.441650390625
78,321.17576599121094,426.43470764160156
79,321.6706848144531,426.4158248901367
80,322.1763610839844,426.4160919189453
81,322.66990661621094,426.4164733886719
82,323.15330505371094,426.41624450683594
83,323.67618560791016,426.416015625
84,324.16053771972656,426.41651153564453
85,324.66907501220703,426.41658782958984
86,325.16685485839844,426.4170837402344
87,325.6594467163086,426.4169692993164
88,326.17610931396484,426.41712188720703
89,326.66919708251953,426.4170837402344
90,327.1781921386719,426.4167785644531
91,327.67189025878906,426.41746520996094
92,328.1536102294922,426.41773223876953
93,328.67382049560547,426.41841888427734
94,329.1624450683594,426.41815185546875
95,329.66880798339844,426.41834259033203
96,330.1671600341797,426.4187240600586
97,330.6589889526367,426.4192581176758
98,331.1770248413086,426.4198303222656
99,331.1784362792969,426.8734359741211
100,330.72540283203125,426.9948196411133
101,330.1504898071289,426.9929504394531
102,329.65381622314453,426.9913864135742
103,329.1502380371094,426.98631286621094
104,328.65650177001953,426.97132110595703
105,328.19095611572266,426.9675827026367
106,327.6814651489258,426.96475982666016
107,327.1617126464844,426.9630432128906
108,326.66187286376953,426.9607162475586
109,326.1651611328125,426.95770263671875
110,325.6674575805664,426.9053649902344
111,325.17723083496094,426.9055938720703
112,324.6533966064453,426.9057083129883
113,324.1846466064453,426.90582275390625
114,323.6654281616211,426.90685272216797
115,323.1480407714844,426.90818786621094
116,322.6552200317383,426.90826416015625
117,322.1633529663086,426.9093322753906
118,321.6566467285156,426.9103240966797
119,321.16127014160156,426.9110107421875
120,320.6461715698242,426.91226959228516
121,320.1693344116211,426.91333770751953
122,319.65179443359375,426.91463470458984
123,319.174747467041,426.91593170166016
124,318.6715507507324,426.9170379638672
125,318.13377380371094,426.91883087158203
126,317.6560401916504,426.9194030761719
127,317.15457916259766,426.9204330444336
128,316.65754318237305,426.92054748535156
129,316.16188049316406,426.92100524902344
130,315.6518363952637,426.9218444824219
131,315.1705741882324,426.92169189453125
132,315.15941619873047,427.3760986328125
133,315.65446853637695,427.36968994140625
134,316.1689758300781,427.37049102783203
135,316.6594123840332,427.3722457885742
136,317.17599868774414,427.3739242553711
137,317.6638412475586,427.37640380859375
138,318.1495666503906,427.4998092651367
139,318.66729736328125,427.50274658203125
140,319.1594123840332,427.49900817871094
141,319.66867446899414,427.48783111572266
142,320.16651153564453,427.4844741821289
143,320.65704345703125,427.4823760986328
144,321.17401123046875,427.4796676635742
145,321.6703414916992,427.47779846191406
146,322.1759033203125,427.47669219970703
147,322.6707077026367,427.47547149658203
148,323.15425872802734,427.47467041015625
149,323.67431640625,427.4730682373047
150,324.1630172729492,427.47196197509766
151,324.67113494873047,427.47100830078125
152,325.1688766479492,427.4699401855469
153,325.6578826904297,427.4687957763672
154,326.17504119873047,427.46715545654297
155,326.67041778564453,427.46551513671875
156,327.1752166748047,427.4629211425781
157,327.6701354980469,427.45922088623047
158,328.155517578125,427.4311828613281
159,328.6750793457031,427.43167877197266
160,329.16229248046875,427.4313735961914
161,329.6693801879883,427.43167877197266
162,330.16761779785156,427.43125915527344
163,330.6581497192383,427.43125915527344
164,331.17847442626953,427.4314498901367
165,331.17698669433594,427.9113006591797
166,330.63610076904297,428.09078216552734
167,330.15235900878906,427.81585693359375
168,329.6573257446289,427.8220748901367
169,329.1494369506836,427.83897399902344
170,328.66161346435547,427.843017578125
171,328.14334869384766,427.8479766845703
172,327.67974853515625,427.8511047363281
173,327.1582794189453,427.85327911376953
174,326.6617965698242,427.85797119140625
175,326.17034912109375,427.8642272949219
176,325.6757354736328,427.87940979003906
177,325.1796340942383,427.8818893432617
178,324.65686798095703,427.8858947753906
179,324.1764450073242,427.88787841796875
180,323.67034912109375,427.88928985595703
181,323.20343017578125,427.8959655761719
182,322.6524353027344,427.8981018066406
183,322.16175079345703,428.3731460571289
184,321.6550827026367,428.2992935180664
185,321.1618423461914,427.96348571777344
186,320.6510543823242,427.96669006347656
187,320.16651153564453,427.96669006347656
188,319.65856552124023,427.9667663574219
189,319.1728973388672,427.96573638916016
190,318.66947174072266,427.96546936035156
191,318.13501358032227,427.9649353027344
192,317.6570701599121,427.96348571777344
193,317.1567153930664,427.9630661010742
194,316.65916442871094,427.9623794555664
195,316.1627197265625,427.96180725097656
196,315.6625556945801,427.95997619628906
197,315.1723289489746,427.9575729370117
198,315.1608657836914,428.38600158691406
199,315.65866470336914,428.49021911621094
200,316.1457061767578,428.5037612915039
201,316.65693283081055,428.5021209716797
202,317.17023849487305,428.4995651245117
203,317.66239166259766,428.49544525146484
204,318.1518745422363,428.4458923339844
205,318.6671447753906,428.4461212158203
206,319.1597557067871,428.4459686279297
207,319.66758728027344,428.4451675415039
208,320.16658782958984,428.4453582763672
209,320.65765380859375,428.44482421875
210,321.1752700805664,428.4446334838867
211,321.66996002197266,428.44417572021484
212,322.17639923095703,428.44276428222656
213,322.6707077026367,428.4397888183594
214,323.15528869628906,428.4348678588867
215,323.6748504638672,428.4333038330078
216,324.16309356689453,428.4325408935547
217,324.6684265136719,428.4318542480469
218,325.1677703857422,428.43128204345703
219,325.6593704223633,428.43067169189453
220,326.17786407470703,428.4294891357422
221,326.6703796386719,428.4288787841797
222,327.1754455566406,428.4278869628906
223,327.6710510253906,428.42796325683594
224,328.1549072265625,428.4281539916992
225,328.67443084716797,428.4280014038086
226,329.1630172729492,428.4271240234375
227,329.6696090698242,428.42708587646484
228,330.16761779785156,428.4269714355469
229,330.6584167480469,428.42700958251953
230,331.17748260498047,428.4270477294922
231,331.1785888671875,428.8904571533203
232,330.6446838378906,428.9627456665039
233,330.15270233154297,428.9607238769531
234,329.65587615966797,428.9580535888672
235,329.15008544921875,428.95626068115234
236,328.65856170654297,428.9552688598633
237,328.1430435180664,428.9535140991211
238,327.6802444458008,428.9520263671875
239,327.1620178222656,428.9501190185547
240,326.66465759277344,428.9453887939453
241,326.168212890625,428.939208984375
242,325.6787872314453,428.9192581176758
243,325.1731491088867,428.91910552978516
244,324.6609878540039,428.9189147949219
245,324.18548583984375,428.91956329345703
246,323.6779022216797,428.91937255859375
247,323.2012939453125,428.9196014404297
248,322.65506744384766,428.9196014404297
249,322.1555709838867,428.9197540283203
250,321.65714263916016,428.92024993896484
251,321.15989685058594,428.91979217529297
252,320.6425094604492,428.9202880859375
253,320.1692199707031,428.9204406738281
254,319.6524238586426,428.92032623291016
255,319.16595458984375,428.92051696777344
256,318.66504669189453,428.9209747314453
257,318.1579780578613,428.9207458496094
258,317.6544761657715,428.92120361328125
259,317.1592903137207,428.9209747314453
260,316.656551361084,428.9214324951172
261,316.162052154541,428.9216613769531
262,315.6488227844238,428.9217758178711
263,315.1655578613281,428.9221954345703
264,315.1590156555176,429.3743896484375
265,315.6546401977539,429.3798065185547
266,316.1617088317871,429.4143295288086
267,316.6575813293457,429.49657440185547
268,317.17065811157227,429.49520111083984
269,317.663516998291,429.4933319091797
270,318.14966201782227,429.4873809814453
271,318.6644744873047,429.4702911376953
272,319.15979385375977,429.46632385253906
273,319.6714782714844,429.4638442993164
274,320.16658782958984,429.4625473022461
275,320.6570053100586,429.46014404296875
276,321.1745071411133,429.4198989868164
277,321.66961669921875,429.40765380859375
278,322.1742248535156,429.40765380859375
279,322.6732635498047,429.4078826904297
280,323.1547546386719,429.40799713134766
281,323.67530822753906,429.4084930419922
282,324.16439056396484,429.40895080566406
283,324.67079162597656,429.40940856933594
284,325.1693344116211,429.4100570678711
285,325.65895080566406,429.41089630126953
286,326.1783218383789,429.41104888916016
287,326.6701126098633,429.4124221801758
288,327.1751403808594,429.41295623779297
289,327.67101287841797,429.4139862060547
290,328.15486907958984,429.41463470458984
291,328.67427825927734,429.41593170166016
292,329.1624069213867,429.4165802001953
293,329.6725845336914,429.41749572753906
294,330.1669692993164,429.417724609375
295,330.65860748291016,429.41829681396484
296,331.1759567260742,429.4188690185547
297,331.1737823486328,429.99717712402344
298,330.6873321533203,429.981689453125
299,330.15064239501953,429.9793243408203
300,329.65599060058594,429.97798919677734
301,329.15271759033203,429.97608184814453
302,328.66065979003906,429.97520446777344
303,328.1694030761719,429.97413635253906
304,327.6753234863281,429.9729537963867
305,327.169189453125,429.97222900390625
306,326.67430877685547,429.9711227416992
307,326.1643600463867,429.9708557128906
308,325.64830780029297,429.9694061279297
309,325.17261505126953,429.9676513671875
310,324.6531295776367,429.9648666381836
311,324.16465759277344,429.95372772216797
312,323.6669158935547,429.94384765625
313,323.1320571899414,429.9359893798828
314,322.6545715332031,429.93560791015625
315,322.1609115600586,429.9345397949219
316,321.6573715209961,429.9347686767578
317,321.16065979003906,429.9342727661133
318,320.65502166748047,429.9339294433594
319,320.1634979248047,429.93370056152344
320,319.6547508239746,429.93309020996094
321,319.1524124145508,429.9334716796875
322,318.6671447753906,429.9329376220703
323,318.1403160095215,429.9319839477539
324,317.66252517700195,429.9319076538086
325,317.16175079345703,429.9325180053711
326,316.6609001159668,429.93228912353516
327,316.16241455078125,429.93175506591797
328,315.65263748168945,429.9314498901367
329,315.17162322998047,429.93106842041016
330,315.1605796813965,430.4103088378906
331,315.62557220458984,430.32371520996094
332,316.11061096191406,430.3284454345703
333,316.6509819030762,430.3420639038086
334,317.1751594543457,430.34595489501953
335,317.6629066467285,430.34854888916016
336,318.1483268737793,430.35179138183594
337,318.66268157958984,430.3553009033203
338,319.1593933105469,430.35888671875
339,319.66602325439453,430.3643798828125
340,320.1673889160156,430.38116455078125
341,320.6589889526367,430.3832244873047
342,321.1740493774414,430.3871154785156
343,321.6697692871094,430.3887939453125
344,322.1757507324219,430.3909683227539
345,322.67181396484375,430.3938674926758
346,323.15460205078125,430.3969192504883
347,323.6758804321289,430.3994369506836
348,324.1627502441406,430.7655334472656
349,324.6696090698242,430.8039093017578
350,325.1670837402344,430.53184509277344
351,325.6596374511719,430.46756744384766
352,326.1756134033203,430.46680450439453
353,326.6717529296875,430.4665756225586
354,327.1746063232422,430.4670715332031
355,327.67261505126953,430.4658889770508
356,328.15547943115234,430.4651641845703
357,328.6766815185547,430.46512603759766
358,329.1615676879883,430.4640579223633
359,329.66983795166016,430.4637145996094
360,330.1679229736328,430.4621887207031
361,330.65879821777344,430.46058654785156
362,331.1776351928711,430.458984375
363,331.17828369140625,430.96656799316406
364,330.72505950927734,430.96134185791016
365,330.1511001586914,430.95951080322266
366,329.6548080444336,430.958251953125
367,329.1518783569336,430.9566879272461
368,328.6589050292969,430.9554672241211
369,328.14342498779297,430.9532165527344
370,327.66651153564453,430.9510803222656
371,327.1636199951172,430.94921112060547
372,326.66900634765625,430.94738006591797
373,326.16661071777344,430.9463119506836
374,325.64903259277344,430.94470977783203
375,325.179443359375,430.9429931640625
376,324.6524429321289,430.9392547607422
377,324.17930603027344,430.9321594238281
378,323.6648941040039,430.93116760253906
379,323.1392288208008,430.9292221069336
380,322.6548767089844,430.9282684326172
381,322.16320037841797,430.9276580810547
382,321.65821075439453,430.92708587646484
383,321.1612319946289,430.9266662597656
384,320.64929962158203,430.926513671875
385,320.1715087890625,430.92647552490234
386,319.65232849121094,430.92628479003906
387,319.1692924499512,430.926513671875
388,318.6698913574219,430.9262466430664
389,318.13961029052734,430.9264373779297
390,317.659969329834,430.9264373779297
391,317.16148376464844,430.9265899658203
392,316.65735244750977,430.9264373779297
393,316.16220474243164,430.9263610839844
394,315.65073013305664,430.926513671875
395,315.1621627807617,430.92655181884766
396,315.15886306762695,431.47560119628906
397,315.6507110595703,431.4649963378906
398,316.1178970336914,431.4603042602539
399,316.65294647216797,431.4584732055664
400,317.1739387512207,431.4563751220703
401,317.66027450561523,431.4552688598633
402,318.150691986084,431.45397186279297
403,318.66418838500977,431.4532470703125
404,319.15868759155273,431.451416015625
405,319.66747283935547,431.4500045776367
406,320.1650619506836,431.4480972290039
407,320.6569290161133,431.4455032348633
408,321.17382049560547,431.4405822753906
409,321.66839599609375,431.42005920410156
410,322.17601776123047,431.41727447509766
411,322.6716995239258,431.4171600341797
412,323.1543731689453,431.4171600341797
413,323.6742401123047,431.4169692993164
414,324.1613006591797,431.41719818115234
415,324.6693801879883,431.4170455932617
416,325.1668167114258,431.41754150390625
417,325.66051483154297,431.41700744628906
418,326.1775588989258,431.4173889160156
419,326.6717529296875,431.4177703857422
420,327.17479705810547,431.4176940917969
421,327.6719665527344,431.4181137084961
422,328.15452575683594,431.4175796508789
423,328.67401123046875,431.4181137084961
424,329.1627502441406,431.41841888427734
425,329.6706008911133,431.4187240600586
426,330.1683044433594,431.41876220703125
427,330.65914154052734,431.41944885253906
428,331.1759567260742,431.4198684692383
429,331.17767333984375,431.87061309814453
430,330.7059097290039,431.9960403442383
431,330.1527404785156,431.99432373046875
432,329.6530532836914,431.99283599853516
433,329.1496276855469,431.9886016845703
434,328.65711212158203,431.9708251953125
435,328.1425476074219,431.9660186767578
436,327.67520904541016,431.9639205932617
437,327.164306640625,431.96178436279297
438,326.66587829589844,431.95919036865234
439,326.1660385131836,431.9071960449219
440,325.6724166870117,431.90757751464844
441,325.18054962158203,431.9075393676758
442,324.65343475341797,431.9077682495117
443,324.1880798339844,431.9078826904297
444,323.6714172363281,431.90860748291016
445,323.13907623291016,431.9097900390625
446,322.6564025878906,431.91051483154297
447,322.1603012084961,431.91158294677734
448,321.6557312011719,431.91192626953125
449,321.1605453491211,431.9135284423828
450,320.64674377441406,431.9142532348633
451,320.15869140625,431.91505432128906
452,319.65471267700195,431.91600799560547
453,319.1768455505371,431.91638946533203
454,318.66634368896484,431.9176483154297
455,318.1416702270508,431.91829681396484
456,317.66870498657227,431.91925048828125
457,317.15686798095703,431.91993713378906
458,316.6659164428711,431.92005157470703
459,316.1623191833496,431.9206237792969
460,315.6682777404785,431.92073822021484
461,315.1745796203613,431.9215393066406
462,315.15979766845703,432.37308502197266
463,315.6530952453613,432.51216888427734
464,316.1233139038086,432.51033782958984
465,316.65082931518555,432.5032043457031
466,317.1755599975586,432.48985290527344
467,317.66143798828125,432.4853515625
468,318.14796447753906,432.48287200927734
469,318.66329193115234,432.4802017211914
470,319.15719985961914,432.4781799316406
471,319.6697998046875,432.4765396118164
472,320.1644515991211,432.47589111328125
473,320.65757751464844,432.4745178222656
474,321.17671966552734,432.4733352661133
475,321.66988372802734,432.4717712402344
476,322.1757125854492,432.47093200683594
477,322.672119140625,432.47013092041016
478,323.15319061279297,432.4690246582031
479,323.67408752441406,432.46788024902344
480,324.1612243652344,432.46604919433594
481,324.6688461303711,432.4631881713867
482,325.16815185546875,432.4608612060547
483,325.6575012207031,432.43125915527344
484,326.17652893066406,432.43167877197266
485,326.6719055175781,432.4317169189453
486,327.1748352050781,432.43125915527344
487,327.67372131347656,432.43125915527344
488,328.15406799316406,432.4312973022461
489,328.67488861083984,432.4313735961914
490,329.16255950927734,432.43160247802734
491,329.6683120727539,432.4312210083008
492,330.1673889160156,432.4312973022461
493,330.66009521484375,432.4311065673828
494,331.17584228515625,432.43106842041016
495,331.1763000488281,432.94559478759766
496,330.69053649902344,432.84461975097656
497,330.1513671875,432.84793853759766
498,329.6546173095703,432.8505325317383
499,329.15599822998047,432.85308837890625
500,328.6574172973633,432.8555679321289
501,328.1890106201172,432.85972595214844
502,327.6823425292969,432.86975860595703
503,327.16075897216797,432.8799819946289
504,326.67457580566406,432.88291931152344
505,326.16573333740234,432.8864288330078
506,325.6687545776367,432.8883361816406
507,325.17608642578125,432.88902282714844
508,324.65576171875,432.8908920288086
509,324.1819381713867,432.8936004638672
510,323.6757278442383,432.89623260498047
511,323.18748474121094,433.2954788208008
512,322.65384674072266,432.9645538330078
513,322.15641021728516,432.96730041503906
514,321.65523529052734,432.96749114990234
515,321.1578369140625,432.96741485595703
516,320.6447982788086,432.9668426513672
517,320.16674041748047,432.9657745361328
518,319.6522331237793,432.9655075073242
519,319.1718864440918,432.96558380126953
520,318.6662483215332,432.9643249511719
521,318.14096450805664,432.96253204345703
522,317.6573181152344,432.96112060546875
523,317.1576499938965,432.9595947265625
524,316.65985107421875,432.95310974121094
525,316.1596870422363,432.68333435058594
526,315.65107345581055,432.69824981689453
527,315.16761779785156,432.72891998291016
528,315.16387939453125,433.45008850097656
529,315.6562042236328,433.4490203857422
530,316.17565155029297,433.44749450683594
531,316.66770935058594,433.44615936279297
532,317.17533111572266,433.44051361083984
533,317.66977310180664,433.4332275390625
534,318.1527328491211,433.4321975708008
535,318.6737632751465,433.4313201904297
536,319.16242599487305,433.4309387207031
537,319.6702003479004,433.42979431152344
538,320.1680374145508,433.42960357666016
539,320.6574249267578,433.4291458129883
540,321.1775588989258,433.4285354614258
541,321.6719055175781,433.4281921386719
542,322.17845916748047,433.42803955078125
543,322.6715087890625,433.4273910522461
544,323.1551742553711,433.4272003173828
545,323.6782455444336,433.4271240234375
546,324.16439056396484,433.42723846435547
547,324.669189453125,433.4267044067383
548,325.169677734375,433.4267044067383
549,325.6595230102539,433.4269714355469
550,326.1798858642578,433.42655181884766
551,326.67274475097656,433.4260559082031
552,327.17559814453125,433.426513671875
553,327.6728057861328,433.426513671875
554,328.1557083129883,433.42655181884766
555,328.6770248413086,433.426513671875
556,329.16160583496094,433.4263610839844
557,329.66896057128906,433.42662811279297
558,330.16918182373047,433.42708587646484
559,330.66009521484375,433.4265899658203
560,331.1766815185547,433.42601776123047
561,331.17713928222656,433.89659881591797
562,330.64369201660156,433.9628219604492
563,330.15316009521484,433.9603042602539
564,329.6563720703125,433.9583969116211
565,329.1500473022461,433.956298828125
566,328.65943908691406,433.9555358886719
567,328.19068908691406,433.9540100097656
568,327.6844024658203,433.9528274536133
569,327.15808868408203,433.9506149291992
570,326.66221618652344,433.9488983154297
571,326.16321563720703,433.94596099853516
572,325.6756591796875,433.9406204223633
573,325.1751708984375,433.9189147949219
574,324.65946197509766,433.9192581176758
575,324.18018341064453,433.9188003540039
576,323.6729431152344,433.91937255859375
577,323.1816864013672,433.91929626464844
578,322.65647888183594,433.9194869995117
579,322.15576171875,433.9195251464844
580,321.6575622558594,433.9192199707031
581,321.1603546142578,433.9196014404297
582,320.65460205078125,433.91990661621094
583,320.15899658203125,433.9202880859375
584,319.65476989746094,433.91998291015625
585,319.15637969970703,433.92040252685547
586,318.6718940734863,433.9204788208008
587,318.1400489807129,433.92051696777344
588,317.6595878601074,433.9207077026367
589,317.1562194824219,433.92078399658203
590,316.6635322570801,433.9210891723633
591,316.16098403930664,433.92101287841797
592,315.6450653076172,433.9214324951172
593,315.17425537109375,433.92147064208984
594,315.159854888916,434.38446044921875
595,315.65441131591797,434.38472747802734
596,316.16912841796875,434.38602447509766
597,316.6583061218262,434.4942092895508
598,317.1761703491211,434.4933319091797
599,317.66319274902344,434.4919967651367
600,318.1516647338867,434.488525390625
601,318.66552352905273,434.4740676879883
602,319.15977478027344,434.47017669677734
603,319.6661567687988,434.4666290283203
604,320.1660919189453,434.46407318115234
605,320.65757751464844,434.4619369506836
606,321.173095703125,434.4600296020508
607,321.6702651977539,434.40635681152344
608,322.17533111572266,434.40673828125
609,322.67066955566406,434.40624237060547
610,323.155517578125,434.4068908691406
611,323.6775207519531,434.4071960449219
612,324.16248321533203,434.40765380859375
613,324.669189453125,434.40887451171875
614,325.1689147949219,434.4090270996094
615,325.65940856933594,434.4099807739258
616,326.17618560791016,434.41062927246094
617,326.6706085205078,434.41131591796875
618,327.17506408691406,434.41234588623047
619,327.6723861694336,434.41349029541016
620,328.1531524658203,434.4140625
621,328.6768341064453,434.41497802734375
622,329.16290283203125,434.41577911376953
623,329.66968536376953,434.41646575927734
624,330.16857147216797,434.41749572753906
625,330.6597900390625,434.4184875488281
626,331.17733001708984,434.41917419433594
627,331.17713928222656,434.8768615722656
628,330.63697814941406,435.1011276245117
629,330.1527786254883,435.09571075439453
630,329.65709686279297,435.09033203125
631,329.15348052978516,434.9068069458008
632,328.66172790527344,434.6890640258789
633,328.20125579833984,434.71248626708984
634,327.67223358154297,434.72278594970703
635,327.16846466064453,434.99439239501953
636,326.67335510253906,434.98287200927734
637,326.16710662841797,434.98191833496094
638,325.66898345947266,434.9806213378906
639,325.1767349243164,434.9778366088867
640,324.6522521972656,434.9763870239258
641,324.1764450073242,434.97554779052734
642,323.6655807495117,434.97474670410156
643,323.1963348388672,434.9713134765625
644,322.65541076660156,434.97032165527344
645,322.16285705566406,434.96936798095703
646,321.65496826171875,434.96753692626953
647,321.15840911865234,434.96639251708984
648,320.6468200683594,434.96349334716797
649,320.16895294189453,434.9600601196289
650,319.65627670288086,434.9341583251953
651,319.1778564453125,434.93419647216797
652,318.668155670166,434.9342346191406
653,318.1408500671387,434.93408203125
654,317.66199111938477,434.93431091308594
655,317.15625762939453,434.9340057373047
656,316.6619682312012,434.93385314941406
657,316.15991592407227,434.9334716796875
658,315.6640815734863,434.93324279785156
659,315.1726722717285,434.9329376220703
660,315.1624870300293,435.3838348388672
661,315.65277099609375,435.38734436035156
662,316.16870880126953,435.39066314697266
663,316.6648864746094,435.3922653198242
664,317.1784973144531,435.39379119873047
665,317.66674041748047,435.3959274291992
666,318.1508445739746,435.399169921875
667,318.66769790649414,435.7249069213867
668,319.16210174560547,435.8186721801758
669,319.6696090698242,435.5533981323242
670,320.1675796508789,435.46756744384766
671,320.6583786010742,435.4669952392578
672,321.17652893066406,435.4668426513672
673,321.6693115234375,435.4669189453125
674,322.17723846435547,435.46619415283203
675,322.6713562011719,435.46558380126953
676,323.1551742553711,435.4653549194336
677,323.6747741699219,435.4640579223633
678,324.1616439819336,435.4636001586914
679,324.67029571533203,435.4627227783203
680,325.16937255859375,435.46051025390625
681,325.65879821777344,435.45780181884766
682,326.1763000488281,435.3020477294922
683,326.67186737060547,435.18993377685547
684,327.17662811279297,435.2273941040039
685,327.67269134521484,435.22899627685547
686,328.1525421142578,435.24017333984375
687,328.6761474609375,435.2632522583008
688,329.16370391845703,435.26905059814453
689,329.6731948852539,435.87730407714844
690,330.167236328125,435.7990264892578
691,330.6588363647461,435.53234100341797
692,331.17626190185547,435.4682922363281
693,331.17645263671875,435.97599029541016
694,330.64395904541016,435.9590148925781
695,330.15254974365234,435.95703125
696,329.65686798095703,435.9556579589844
697,329.15130615234375,435.95401763916016
698,328.6543655395508,435.95272064208984
699,328.14308166503906,435.9496307373047
700,327.6897430419922,435.9478759765625
701,327.1581268310547,435.946044921875
702,326.6689682006836,435.94470977783203
703,326.1655044555664,435.94310760498047
704,325.65547943115234,435.9395980834961
705,325.1826858520508,435.9332275390625
706,324.6530532836914,435.93135833740234
707,324.17491912841797,435.93029022216797
708,323.67359161376953,435.92979431152344
709,323.13873291015625,435.92845916748047
710,322.6542663574219,435.9267044067383
711,322.16297149658203,435.9269332885742
712,321.65645599365234,435.92628479003906
713,321.1620330810547,435.92594146728516
714,320.64659118652344,435.9263610839844
715,320.1653289794922,435.9261703491211
716,319.6520805358887,435.9260940551758
717,319.1766929626465,435.9259796142578
718,318.6677360534668,435.9259796142578
719,318.1398391723633,435.92613220214844
720,317.66422271728516,435.9259033203125
721,317.1632385253906,435.92578887939453
722,316.65674209594727,435.9260559082031
723,316.1629104614258,435.92620849609375
724,315.64340591430664,435.92586517333984
725,315.1604461669922,435.92613220214844
726,315.159969329834,436.4735794067383
727,315.6532859802246,436.4616394042969
728,316.10790252685547,436.4584732055664
729,316.6524124145508,436.45702362060547
730,317.1722221374512,436.4555358886719
731,317.6603126525879,436.4546585083008
732,318.1509780883789,436.4535903930664
733,318.6651420593262,436.4529800415039
734,319.1596221923828,436.4514923095703
735,319.6695327758789,436.44927978515625
736,320.16605377197266,436.44630432128906
737,320.65879821777344,436.4412307739258
738,321.17557525634766,436.41746520996094
739,321.66980743408203,436.4173126220703
740,322.1767044067383,436.417236328125
741,322.66822814941406,436.4169692993164
742,323.15372467041016,436.41712188720703
743,323.67427825927734,436.4170455932617
744,324.16290283203125,436.4173889160156
745,324.6687316894531,436.41712188720703
746,325.16895294189453,436.41746520996094
747,325.66051483154297,436.4177703857422
748,326.17767333984375,436.41780853271484
749,326.67320251464844,436.4182662963867
750,327.17845916748047,436.41857147216797
751,327.672119140625,436.41895294189453
752,328.15433502197266,436.41845703125
753,328.6746597290039,436.4186477661133
754,329.1623306274414,436.4192199707031
755,329.66983795166016,436.41937255859375
756,330.1679992675781,436.4192581176758
757,330.6599807739258,436.4196014404297
758,331.1786651611328,436.4202117919922
759,331.17908477783203,436.871337890625
760,330.6447982788086,436.9945526123047
761,330.15377044677734,436.99344635009766
762,329.65320587158203,436.9911193847656
763,329.150390625,436.9843292236328
764,328.6637878417969,436.9706344604492
765,328.1432342529297,436.9655227661133
766,327.68104553222656,436.96300506591797
767,327.15946197509766,436.96075439453125
768,326.66725158691406,436.95701599121094
769,326.1675262451172,436.9071960449219
770,325.67760467529297,436.90723419189453
771,325.1806640625,436.9076919555664
772,324.6580123901367,436.90773010253906
773,324.18617248535156,436.90792083740234
774,323.67496490478516,436.90860748291016
775,323.13934326171875,436.9093704223633
776,322.6544952392578,436.9107437133789
777,322.15587615966797,436.91192626953125
778,321.6586685180664,436.9119644165039
779,321.1582565307617,436.91314697265625
780,320.6507110595703,436.91410064697266
781,320.1721954345703,436.91471099853516
782,319.6523094177246,436.91532135009766
783,319.16473388671875,436.91673278808594
784,318.670597076416,436.91646575927734
785,318.13737869262695,436.91905975341797
786,317.6572608947754,436.9190979003906
787,317.16407775878906,436.92047119140625
788,316.65719985961914,436.9209289550781
789,316.15997314453125,436.92089080810547
790,315.65515518188477,436.92134857177734
791,315.16483306884766,436.9217300415039
792,315.15926361083984,437.37586975097656
793,315.65258026123047,437.3714828491211
794,316.1627197265625,437.3721694946289
795,316.6609191894531,437.3735046386719
796,317.1758842468262,437.3744583129883
797,317.66260147094727,437.3765182495117
798,318.1516647338867,437.403564453125
799,318.664608001709,437.50492095947266
800,319.16099548339844,437.50179290771484
801,319.67166900634766,437.49217987060547
802,320.1664352416992,437.4847412109375
803,320.6585693359375,437.4826431274414
804,321.1771774291992,437.4802017211914
805,321.66908264160156,437.47867584228516
806,322.1757507324219,437.47631072998047
807,322.6724624633789,437.4753189086914
808,323.1553268432617,437.4749755859375
809,323.67427825927734,437.47303009033203
810,324.16149139404297,437.4716567993164
811,324.6696472167969,437.4714660644531
812,325.1689147949219,437.4696731567383
813,325.6582260131836,437.46898651123047
814,326.1768341064453,437.4673080444336
815,326.6707229614258,437.4658203125
816,327.17830657958984,437.4637222290039
817,327.67345428466797,437.4612808227539
818,328.154296875,437.43297576904297
819,328.675537109375,437.43255615234375
820,329.16126251220703,437.43236541748047
821,329.6699523925781,437.43255615234375
822,330.16754150390625,437.4327087402344
823,330.6582260131836,437.43247985839844
824,331.17794036865234,437.4323272705078
825,331.1725616455078,437.8842544555664
826,330.64449310302734,437.88936614990234
827,330.1542282104492,437.89234161376953
828,329.6516799926758,437.8954315185547
829,329.16290283203125,437.8981399536133
830,328.6553955078125,438.35723876953125
831,328.1434631347656,438.29357147216797
832,327.6789855957031,437.9673767089844
833,327.15808868408203,437.9669952392578
834,326.66664123535156,437.9669952392578
835,326.16641998291016,437.96642303466797
836,325.64910888671875,437.9661560058594
837,325.17974853515625,437.96566009521484
838,324.6576690673828,437.9653549194336
839,324.18460845947266,437.9644012451172
840,323.6653137207031,437.9640579223633
841,323.1442642211914,437.96180725097656
842,322.65331268310547,437.9595184326172
843,322.16209411621094,437.9561233520508
844,321.6564178466797,437.6713562011719
845,321.16016387939453,437.69596099853516
846,320.64334869384766,437.7285385131836
847,320.16414642333984,437.7304458618164
848,319.65343475341797,437.7403259277344
849,319.17755126953125,437.7628707885742
850,318.6689758300781,437.7702331542969
851,318.13880920410156,438.2935333251953
852,317.6577377319336,438.0861282348633
853,317.15749740600586,438.0825424194336
854,316.6597366333008,437.8269958496094
855,316.1627960205078,437.8352355957031
856,315.6496810913086,437.840576171875
857,315.1731300354004,437.84473419189453
858,315.1643753051758,438.4292221069336
859,315.6565475463867,438.42830657958984
860,316.173038482666,438.4280776977539
861,316.6674041748047,438.4276580810547
862,317.1744155883789,438.42716217041016
863,317.6675605773926,438.4271240234375
864,318.1524848937988,438.4269714355469
865,318.67292404174805,438.4269332885742
866,319.1610527038574,438.426513671875
867,319.6702766418457,438.42681884765625
868,320.16674041748047,438.42689514160156
869,320.66062927246094,438.42620849609375
870,321.1775588989258,438.42674255371094
871,321.6725540161133,438.4263610839844
872,322.17552185058594,438.42662811279297
873,322.6723098754883,438.42655181884766
874,323.1553649902344,438.4266662597656
875,323.67435455322266,438.4265899658203
876,324.1625213623047,438.4263610839844
877,324.6694564819336,438.4263610839844
878,325.1689910888672,438.426513671875
879,325.6599426269531,438.42647552490234
880,326.17855072021484,438.4268569946289
881,326.6703796386719,438.42674255371094
882,327.18006134033203,438.4266662597656
883,327.6723098754883,438.4266662597656
884,328.1543731689453,438.42655181884766
885,328.67565155029297,438.42655181884766
886,329.1637420654297,438.42662811279297
887,329.6698760986328,438.4267807006836
888,330.1687240600586,438.4265899658203
889,330.6597137451172,438.4266662597656
890,331.1785888671875,438.4270477294922
891,331.1797332763672,438.95652770996094
892,330.68016052246094,438.96297454833984
893,330.1528549194336,438.96045684814453
894,329.6558380126953,438.95824432373047
895,329.1569137573242,438.9569091796875
896,328.6585998535156,438.95511627197266
897,328.2006072998047,438.9540100097656
898,327.6826858520508,438.9525604248047
899,327.1589660644531,438.9506149291992
900,326.6731262207031,438.9492416381836
901,326.1643600463867,438.94561767578125
902,325.64727783203125,438.93943786621094
903,325.1731491088867,438.91735076904297
904,324.6565246582031,438.9171600341797
905,324.18983459472656,438.91746520996094
906,323.6741638183594,438.9176940917969
907,323.14403533935547,438.9179992675781
908,322.65499114990234,438.9181900024414
909,322.1578598022461,438.91822814941406
910,321.65637969970703,438.91788482666016
911,321.1622619628906,438.91834259033203
912,320.64952850341797,438.9186096191406
913,320.1688766479492,438.9185333251953
914,319.65776443481445,438.91902923583984
915,319.1680717468262,438.9192581176758
916,318.6704635620117,438.9191436767578
917,318.1893539428711,438.919677734375
918,317.6571273803711,438.91979217529297
919,317.1560478210449,438.9197540283203
920,316.65945053100586,438.9200210571289
921,316.16167068481445,438.9206314086914
922,315.65845489501953,438.92086029052734
923,315.17017364501953,438.9210510253906
924,315.15893936157227,439.3721389770508
925,315.65425872802734,439.3794631958008
926,316.1590385437012,439.3842315673828
927,316.6600227355957,439.4971466064453
928,317.17079162597656,439.49623107910156
929,317.66231536865234,439.4934844970703
930,318.1492614746094,439.4895553588867
931,318.66674423217773,439.4708251953125
932,319.15843963623047,439.4676208496094
933,319.6696662902832,439.46495056152344
934,320.1671600341797,439.46266174316406
935,320.6578826904297,439.4602966308594
936,321.1760711669922,439.4196319580078
937,321.66893005371094,439.3363571166992
938,322.1758270263672,439.3382263183594
939,322.67295837402344,439.3407440185547
940,323.1549835205078,439.3476867675781
941,323.67496490478516,439.37755584716797
942,324.1607666015625,439.37984466552734
943,324.6686553955078,439.3846130371094
944,325.1688003540039,439.49352264404297
945,325.6576156616211,439.4923782348633
946,326.17481231689453,439.4908142089844
947,326.67110443115234,439.48699951171875
948,327.1775436401367,439.4721221923828
949,327.6712417602539,439.46842193603516
950,328.15635681152344,439.46544647216797
951,328.6758041381836,439.46338653564453
952,329.1634750366211,439.4612503051758
953,329.67288970947266,439.45762634277344
954,330.16822814941406,439.3338394165039
955,330.65895080566406,439.3370819091797
956,331.1775588989258,439.3397903442383
957,331.1791229248047,439.8155212402344
958,330.71346282958984,439.85164642333984
959,330.15209197998047,439.8530960083008
960,329.6520233154297,439.85485076904297
961,329.15027618408203,439.8591995239258
962,328.65753173828125,439.8655319213867
963,328.14327239990234,440.12489318847656
964,327.6829528808594,440.1084518432617
965,327.1583557128906,440.10204315185547
966,326.66736602783203,440.09716033935547
967,326.16783142089844,440.09204864501953
968,325.67176818847656,440.07396697998047
969,325.17932891845703,439.67891693115234
970,324.65118408203125,439.7087097167969
971,324.1750717163086,439.71797943115234
972,323.6692810058594,439.7609329223633
973,323.20335388183594,439.9833679199219
974,322.65525817871094,439.97997283935547
975,322.16270446777344,439.9777603149414
976,321.6579818725586,439.9761962890625
977,321.15997314453125,439.9751281738281
978,320.64220428466797,439.9746322631836
979,320.1612091064453,439.97318267822266
980,319.6527290344238,439.97188568115234
981,319.18235778808594,439.9709701538086
982,318.6574172973633,439.9701690673828
983,318.1874084472656,439.96715545654297
984,317.657470703125,439.96410369873047
985,317.15564727783203,439.9591064453125
986,316.65870666503906,439.93534088134766
987,316.16159439086914,439.93534088134766
988,315.64905166625977,439.93492126464844
989,315.1705741882324,439.93473052978516
990,315.1624870300293,440.3856658935547
991,315.6537055969238,440.38795471191406
992,316.16947174072266,440.38936614990234
993,316.66467666625977,440.39134979248047
994,317.17472076416016,440.39440155029297
995,317.66550064086914,440.39684295654297
996,318.15208435058594,440.4002380371094
997,318.669490814209,440.83683013916016
998,319.1624641418457,440.79505920410156
999,319.66983795166016,440.4694366455078
1000,320.16719818115234,440.46836853027344
1001,320.65723419189453,440.4689025878906
1002,321.1775207519531,440.4680633544922
1003,321.66934967041016,440.46714782714844
1004,322.1758270263672,440.4672622680664
1005,322.6713562011719,440.4664993286133
1006,323.15460205078125,440.46531677246094
1007,323.67340087890625,440.4642868041992
1008,324.16259765625,440.46287536621094
1009,324.67212677001953,440.4616165161133
1010,325.1708221435547,440.460205078125
1011,325.65914154052734,440.4566955566406
1012,326.17870330810547,440.1777648925781
1013,326.6706848144531,440.19054412841797
1014,327.1754455566406,440.2280807495117
1015,327.6710891723633,440.22926330566406
1016,328.15418243408203,440.24322509765625
1017,328.67664337158203,440.2650833129883
1018,329.1631317138672,440.2736282348633
1019,329.6690368652344,440.8765411376953
1020,330.1673126220703,440.7900619506836
1021,330.65845489501953,440.46825408935547
1022,331.1787414550781,440.4678726196289
1023,331.1789321899414,440.9666061401367
1024,330.64353942871094,440.9587097167969
1025,330.1511764526367,440.9572219848633
1026,329.6533203125,440.9549331665039
1027,329.1499328613281,440.95367431640625
1028,328.6655044555664,440.9519577026367
1029,328.14353942871094,440.9495544433594
1030,327.68898010253906,440.94825744628906
1031,327.16392517089844,440.9464645385742
1032,326.68521881103516,440.94482421875
1033,326.1668395996094,440.9429168701172
1034,325.67615509033203,440.93994140625
1035,325.1643753051758,440.93238830566406
1036,324.6507263183594,440.9307861328125
1037,324.1750717163086,440.9300231933594
1038,323.67919921875,440.9298324584961
1039,323.1369400024414,440.92857360839844
1040,322.6572036743164,440.9275817871094
1041,322.16331481933594,440.92708587646484
1042,321.65672302246094,440.92662811279297
1043,321.15894317626953,440.9263610839844
1044,320.65673828125,440.9269332885742
1045,320.16929626464844,440.92662811279297
1046,319.65763092041016,440.92655181884766
1047,319.1644287109375,440.92639923095703
1048,318.6659622192383,440.9260940551758
1049,318.1746482849121,440.9268569946289
1050,317.6557159423828,440.9267044067383
1051,317.15564727783203,440.92628479003906
1052,316.6568183898926,440.9269332885742
1053,316.1618423461914,440.9262466430664
1054,315.66253662109375,440.92655181884766
1055,315.16286849975586,440.92647552490234
